<?xml version="1.0"?>
<opencv_storage>
<camera_matrix type_id="opencv-matrix">
  <rows>3</rows>
  <cols>3</cols>
  <dt>d</dt>
  <data>
    9.5939926411714998e+02 0. 6.9349085025973864e+02 0.
    9.4446832421098907e+02 3.2660696802399195e+02 0. 0. 1.</data></camera_matrix>
<distortion_coefficients type_id="opencv-matrix">
  <rows>1</rows>
  <cols>5</cols>
  <dt>d</dt>
  <data>
    -1.4275196369676554e-02 1.2215850812152416e-01
    -1.0511275895438987e-02 1.8467557755619073e-02
    -1.4593072528146100e-01</data></distortion_coefficients>
</opencv_storage>
