<?xml version="1.0"?>
<opencv_storage>
<camera_matrix type_id="opencv-matrix">
  <rows>3</rows>
  <cols>3</cols>
  <dt>d</dt>
  <data>
    9.4889221803635849e+02 0. 6.3432342776215114e+02 0.
    9.3964525197963280e+02 3.5860657601779400e+02 0. 0. 1.</data></camera_matrix>
<distortion_coefficients type_id="opencv-matrix">
  <rows>1</rows>
  <cols>5</cols>
  <dt>d</dt>
  <data>
    1.0787160253993427e-02 1.8131499677073379e-01 2.0510679807543395e-03
    -3.6340642503609280e-03 -4.1057185184633194e-01</data></distortion_coefficients>
</opencv_storage>
